137
373
51
331
85
1634
75
3032
113
442
47
56
85
180
156
84
47
151
66
198
270
269
180
151
113
66
19
918
94
213
222
409
47
264
388
32
52
241
80
179
289
1488
47
1133
137
80
46
136
147
175
232
104
127
24
222
71
364
350
89
85
171
334
156
377
97
113
104
94
230
56
237
24
118
99
104
293
43
52
155
151
66
52
57
61
37
360
118
14
108
90
42
147
160
715
40
151
14
23
147
57
161
184
61
52
464
13
24
70
76
23
294
303
174
99
109
99
142
744
42
99
251
253
132
231
85
227
70
251
99
1121
245
184
165
19
226
90
3090
56
28
9
451
142
1616
80
80
138
146
109
118
510
104
175
184
236
19
75
43
737
80
279
70
404
66
255
75
19
765
99
581
99
259
76
378
109
132
23
906
89
222
222
297
56
62
211
132
24
259
547
9
260
33
164
33
80
249
14
179
61
467
84
229
132
758
61
312
70
203
136
288
274
108
132
80
543
103
279
137
351
236
76
94
132
61
198
118
5
117
109
467
23
118
99
184
170
9
61
218
633
118
99
28
370
59
24
129
458
212
14
160
260
42
66
123
150
147
293
99
160
123
132
61
273
109
245
113
14
103
1023
43
212
61
1235
208
212
75
90
56
274
71
56
14
221
76
79
80
104
95
18
66
255
305
259
454
37
359
170
57
75
208
65
38
66
203
334
66
279
75
151
103
99
66
42
189
674
270
56
246
174
76
113
47
307
165
472
52
951
80
170
61
255
158
14
99
208
104
170
146
213
151
3381
38
705
104
19
132
2540
85
213
137
421
326
748
52
801
13
714
75
280
33
154
85
222
52
52
127
661
90
273
165
709
19
1075
9
265
14
621
56
57
33
586
47
3009
209
345
62
2051
95
1126
66
284
124
326
100
170
62
255
47
1721
156
745
114
653
38
1877
109
51
14
19
70
213
66
104
85
428
81
298
104
137
43
7418
71
891
113
336
62
1926
75
23
52
237
96
256
203
640
56
650
52
23
28
9
76
1346
33
227
152
2645
90
145
180
444
118
569
138
104
170
57
166
37
143
203
95
227
71
1437
95
37
52
127
19
71
47
165
147
84
275
97
161
51
81
293
113
9
19
302
62
264
57
51
47
436
42
875
42
389
232
99
28
22
90
70
106
194
43
179
118
85
47
402
33
2440
42
590
85
1229
76
398
13
71
85
270
142
203
237
322
47
180
289
301
155
81
99
127
94
114
33
620
189
123
170
483
57
284
23
288
147
193
222
161
485
217
223
487
28
57
104
99
56
575
52
218
89
204
85
23
56
190
204
256
75
284
71
77
19
19
75
123
80
124
51
327
62
3071
3206
103
1975
75
822
80
437
118
90
108
839
18
1338
46
62
91
172
62
82
177
124
106
124
77
91
172
34
110
124
216
19
105
350
49
483
29
9
143
432
162
215
167
81
1124
95
833
43
9
14
33
72
109
864
223
52
81
242
403
165
95
28
407
114
237
138
9
28
184
81
203
85
161
133
195
415
270
195
118
262
194
47
171
28
346
138
193
9
19
180
142
166
86
218
57
209
175
256
166
109
249
76
284
152
208
128
336
52
203
81
203
75
579
99
673
94
142
38
208
14
220
109
57
42
2514
768
218
181
80
210
38
66
284
123
13
61
284
80
14
65
47
28
332
47
194
47
180
61
127
118
543
19
61
94
19
99
227
137
32
252
80
249
342
265
265
27
1426
213
322
133
280
170
133
66
663
61
529
33
1369
138
84
42
80
142
3070
222
496
127
647
118
499
61
369
80
24
42
1155
56
393
142
170
204
250
450
368
43
148
99
436
51
1156
52
492
132
421
108
75
24
65
66
5651
1506
33
483
161
270
18
533
585
9
161
132
52
195
260
23
14
143
89
67
75
185
28
100
232
293
81
89
109
389
61
156
289
267
227
214
657
43
189
721
118
303
541
303
536
708
142
702
142
697
151
684
160
688
153
689
160
261
587
674
165
676
170
680
166
250
595
251
592
672
170
246
597
246
597
246
596
245
597
667
179
665
179
244
597
664
179
242
6485
659
185
241
601
242
595
665
179
666
180
663
184
656
184
662
184
661
184
233
611
653
189
659
184
659
188
232
611
232
609
653
194
232
609
232
609
232
610
232
609
653
194
648
194
231
614
651
189
232
6489
650
196
227
611
231
614
648
194
652
189
655
189
650
193
653
194
649
194
227
615
653
194
645
199
645
199
223
618
228
616
646
198
224
619
223
619
223
615
228
613
649
194
651
194
222
621
644
199
223
6497
645
199
222
615
230
616
646
195
646
199
642
204
640
201
642
199
648
200
222
621
644
199
642
203
636
208
213
630
217
621
644
200
217
624
222
619
223
619
223
620
645
199
641
203
218
625
639
203
218
6503
644
199
223
615
223
620
644
203
640
204
640
199
645
199
640
208
639
204
218
626
640
204
640
204
639
206
218
622
218
627
635
209
218
621
218
623
219
627
214
625
640
208
636
204
218
628
636
204
219
6509
641
199
218
626
219
621
640
204
639
208
637
204
641
204
636
209
635
209
218
628
634
208
636
208
640
203
218
625
216
629
637
208
214
630
213
629
213
628
213
630
636
208
636
209
213
630
637
209
213
6511
640
206
213
628
213
629
635
208
639
208
633
208
641
208
637
208
635
208
214
630
637
208
635
209
639
209
213
630
213
630
637
208
209
635
213
629
213
629
213
631
634
209
636
212
209
634
635
208
213
6522
636
209
213
626
215
629
634
209
636
213
631
213
636
210
635
208
637
208
213
635
635
208
638
208
636
212
209
634
208
634
635
213
208
636
208
633
213
633
213
627
636
213
632
212
212
634
582
